date,open,close,high,low,volume,symbol
20210701,1.015,1.022,1.029,1.011,3180839,516820.SH
20210702,1.023,0.98,1.026,0.978,754112,516820.SH
20210705,0.98,0.968,0.982,0.96,308891,516820.SH
20210706,0.966,0.931,0.968,0.909,540063,516820.SH
20210707,0.92,0.952,0.96,0.916,326964,516820.SH
20210708,0.952,0.939,0.961,0.937,213991,516820.SH
20210709,0.939,0.936,0.94,0.908,322346,516820.SH
20210712,0.936,0.958,0.965,0.923,306534,516820.SH
20210713,0.958,0.963,0.968,0.949,137455,516820.SH
20210714,0.96,0.97,0.983,0.951,328106,516820.SH
20210715,0.971,0.974,0.978,0.959,209788,516820.SH
20210716,0.973,0.943,0.973,0.942,410047,516820.SH
20210719,0.939,0.964,0.966,0.939,293989,516820.SH
20210720,0.956,0.971,0.978,0.956,245043,516820.SH
20210721,0.965,0.977,0.979,0.965,291079,516820.SH
20210722,0.977,0.954,0.979,0.944,356762,516820.SH
20210723,0.959,0.924,0.959,0.918,494042,516820.SH
20210726,0.922,0.868,0.922,0.85,814195,516820.SH
20210727,0.86,0.842,0.871,0.833,382084,516820.SH
20210728,0.841,0.865,0.867,0.825,306367,516820.SH
20210729,0.868,0.884,0.895,0.868,320836,516820.SH
20210730,0.88,0.865,0.88,0.847,263240,516820.SH
20210802,0.864,0.876,0.88,0.83,309938,516820.SH
20210803,0.868,0.916,0.92,0.865,576213,516820.SH
20210804,0.918,0.909,0.918,0.892,224585,516820.SH
20210805,0.899,0.899,0.912,0.891,244796,516820.SH
20210806,0.895,0.881,0.9,0.87,287436,516820.SH
20210809,0.879,0.883,0.891,0.869,197492,516820.SH
20210810,0.889,0.892,0.893,0.866,345196,516820.SH
20210811,0.893,0.877,0.893,0.873,268194,516820.SH
20210812,0.875,0.865,0.881,0.861,275675,516820.SH
20210813,0.861,0.859,0.87,0.851,253170,516820.SH
20210816,0.859,0.859,0.866,0.852,175751,516820.SH
20210817,0.853,0.82,0.858,0.816,570724,516820.SH
20210818,0.82,0.816,0.829,0.812,347289,516820.SH
20210819,0.816,0.813,0.825,0.811,284563,516820.SH
20210820,0.806,0.758,0.806,0.75,836583,516820.SH
20210823,0.76,0.768,0.77,0.743,433867,516820.SH
20210824,0.769,0.79,0.794,0.764,444679,516820.SH
20210825,0.79,0.802,0.805,0.788,372920,516820.SH
20210826,0.801,0.771,0.803,0.767,825155,516820.SH
20210827,0.774,0.768,0.788,0.766,338184,516820.SH
20210830,0.775,0.766,0.779,0.761,366720,516820.SH
20210831,0.766,0.756,0.772,0.75,280448,516820.SH
20210901,0.756,0.766,0.774,0.739,317721,516820.SH
20210902,0.765,0.738,0.765,0.736,621182,516820.SH
20210903,0.734,0.736,0.745,0.725,434263,516820.SH
20210906,0.736,0.784,0.785,0.731,852146,516820.SH
20210907,0.785,0.776,0.785,0.766,492809,516820.SH
20210908,0.775,0.766,0.776,0.76,442453,516820.SH
20210909,0.764,0.766,0.772,0.758,325966,516820.SH
20210910,0.767,0.764,0.768,0.753,349750,516820.SH
20210913,0.766,0.764,0.78,0.761,346923,516820.SH
20210914,0.764,0.775,0.782,0.763,457415,516820.SH
20210915,0.775,0.767,0.778,0.763,314837,516820.SH
20210916,0.765,0.772,0.783,0.756,555996,516820.SH
20210917,0.768,0.811,0.821,0.768,824312,516820.SH
20210922,0.8,0.819,0.831,0.796,456590,516820.SH
20210923,0.814,0.815,0.829,0.806,324432,516820.SH
20210924,0.811,0.824,0.831,0.809,288707,516820.SH
20210927,0.824,0.84,0.851,0.824,883846,516820.SH
20210928,0.835,0.834,0.847,0.825,298994,516820.SH
20210929,0.83,0.826,0.834,0.814,336633,516820.SH
20210930,0.82,0.839,0.84,0.82,338537,516820.SH
20211008,0.83,0.837,0.846,0.823,287276,516820.SH
20211011,0.832,0.822,0.848,0.82,310854,516820.SH
20211012,0.815,0.821,0.833,0.815,278035,516820.SH
20211013,0.812,0.835,0.84,0.812,278914,516820.SH
20211014,0.836,0.817,0.839,0.813,331703,516820.SH
20211015,0.813,0.805,0.813,0.8,278186,516820.SH
20211018,0.802,0.79,0.802,0.784,339637,516820.SH
20211019,0.788,0.801,0.802,0.785,263433,516820.SH
20211020,0.801,0.792,0.804,0.778,389974,516820.SH
20211021,0.789,0.789,0.798,0.783,283660,516820.SH
20211022,0.79,0.791,0.796,0.785,287412,516820.SH
20211025,0.789,0.799,0.8,0.789,274125,516820.SH
20211026,0.798,0.791,0.804,0.789,575366,516820.SH
20211027,0.79,0.778,0.79,0.774,329279,516820.SH
20211028,0.776,0.775,0.787,0.768,325462,516820.SH
20211029,0.774,0.792,0.796,0.766,327609,516820.SH
20211101,0.787,0.769,0.791,0.765,643472,516820.SH
20211102,0.767,0.76,0.772,0.756,380383,516820.SH
20211103,0.759,0.764,0.772,0.759,251918,516820.SH
20211104,0.764,0.768,0.771,0.761,202842,516820.SH
20211105,0.768,0.769,0.776,0.765,300780,516820.SH
20211108,0.77,0.75,0.773,0.745,499045,516820.SH
20211109,0.75,0.758,0.759,0.746,248341,516820.SH
20211110,0.762,0.769,0.77,0.747,386088,516820.SH
20211111,0.767,0.773,0.775,0.765,289529,516820.SH
20211112,0.77,0.77,0.775,0.766,265790,516820.SH
20211115,0.769,0.778,0.78,0.767,317402,516820.SH
20211116,0.777,0.799,0.803,0.777,550139,516820.SH
20211117,0.802,0.8,0.811,0.796,351110,516820.SH
20211118,0.8,0.785,0.803,0.782,393279,516820.SH
20211119,0.785,0.78,0.785,0.776,291615,516820.SH
20211122,0.782,0.775,0.784,0.772,375460,516820.SH
20211123,0.78,0.774,0.782,0.771,288827,516820.SH
20211124,0.774,0.778,0.779,0.769,253088,516820.SH
20211125,0.779,0.785,0.788,0.778,308074,516820.SH
20211126,0.785,0.784,0.793,0.782,349992,516820.SH
20211129,0.794,0.78,0.806,0.777,440263,516820.SH
20211130,0.783,0.773,0.785,0.766,397634,516820.SH
20211201,0.771,0.761,0.772,0.759,428630,516820.SH
20211202,0.76,0.748,0.761,0.748,502092,516820.SH
20211203,0.748,0.753,0.757,0.748,424151,516820.SH
20211206,0.752,0.746,0.754,0.742,516514,516820.SH
20211207,0.746,0.747,0.752,0.744,331875,516820.SH
20211208,0.747,0.758,0.758,0.744,444403,516820.SH
20211209,0.758,0.783,0.784,0.755,865999,516820.SH
20211210,0.782,0.779,0.782,0.774,374810,516820.SH
20211213,0.778,0.775,0.786,0.773,420540,516820.SH
20211214,0.776,0.777,0.786,0.774,317458,516820.SH
20211215,0.777,0.761,0.778,0.759,382297,516820.SH
20211216,0.765,0.762,0.767,0.758,316153,516820.SH
20211217,0.761,0.756,0.768,0.755,349096,516820.SH
20211220,0.756,0.75,0.763,0.749,394126,516820.SH
20211221,0.75,0.752,0.753,0.746,296282,516820.SH
20211222,0.752,0.753,0.755,0.75,270464,516820.SH
20211223,0.753,0.745,0.753,0.743,408610,516820.SH
20211224,0.743,0.75,0.752,0.741,367361,516820.SH
20211227,0.751,0.751,0.752,0.744,322291,516820.SH
20211228,0.751,0.753,0.754,0.743,328805,516820.SH
20211229,0.751,0.748,0.76,0.748,329741,516820.SH
20211230,0.748,0.753,0.756,0.745,327439,516820.SH
20211231,0.753,0.751,0.757,0.748,344605,516820.SH
20220104,0.747,0.73,0.747,0.726,839139,516820.SH
20220105,0.73,0.718,0.731,0.718,489070,516820.SH
20220106,0.722,0.707,0.722,0.702,577736,516820.SH
20220107,0.708,0.706,0.713,0.705,418254,516820.SH
20220110,0.709,0.714,0.715,0.701,429721,516820.SH
20220111,0.715,0.708,0.715,0.701,359375,516820.SH
20220112,0.708,0.72,0.721,0.705,468664,516820.SH
20220113,0.718,0.704,0.721,0.704,391724,516820.SH
20220114,0.699,0.71,0.715,0.698,365906,516820.SH
20220117,0.711,0.709,0.714,0.706,247672,516820.SH
20220118,0.709,0.701,0.712,0.699,416279,516820.SH
20220119,0.7,0.684,0.7,0.681,554335,516820.SH
20220120,0.682,0.677,0.686,0.676,362679,516820.SH
20220121,0.678,0.657,0.678,0.653,545621,516820.SH
20220124,0.654,0.652,0.658,0.646,377234,516820.SH
20220125,0.65,0.637,0.653,0.636,346927,516820.SH
20220126,0.637,0.628,0.644,0.624,465814,516820.SH
20220127,0.628,0.619,0.634,0.618,363318,516820.SH
20220128,0.62,0.615,0.627,0.613,314982,516820.SH
20220207,0.621,0.621,0.627,0.618,257342,516820.SH
20220208,0.618,0.619,0.621,0.604,370174,516820.SH
20220209,0.618,0.625,0.626,0.612,292796,516820.SH
20220210,0.625,0.62,0.628,0.62,300980,516820.SH
20220211,0.619,0.598,0.619,0.598,576067,516820.SH
20220214,0.596,0.599,0.607,0.591,307403,516820.SH
20220215,0.599,0.625,0.627,0.599,558644,516820.SH
20220216,0.627,0.626,0.632,0.624,304904,516820.SH
20220217,0.625,0.626,0.631,0.624,226682,516820.SH
20220218,0.624,0.632,0.633,0.619,242662,516820.SH
20220221,0.635,0.634,0.638,0.629,247179,516820.SH
20220222,0.63,0.624,0.63,0.62,208419,516820.SH
20220223,0.623,0.632,0.632,0.622,191646,516820.SH
20220224,0.631,0.617,0.634,0.61,303587,516820.SH
20220225,0.618,0.641,0.643,0.618,581326,516820.SH
20220228,0.64,0.645,0.647,0.636,276238,516820.SH
20220301,0.648,0.646,0.651,0.642,279248,516820.SH
20220302,0.645,0.642,0.645,0.635,161851,516820.SH
20220303,0.643,0.636,0.645,0.635,166928,516820.SH
20220304,0.633,0.638,0.644,0.631,180721,516820.SH
20220307,0.635,0.614,0.635,0.61,331075,516820.SH
20220308,0.613,0.592,0.618,0.592,438529,516820.SH
20220309,0.592,0.582,0.597,0.561,359768,516820.SH
20220310,0.59,0.6,0.604,0.59,253905,516820.SH
20220311,0.593,0.623,0.625,0.592,508673,516820.SH
20220314,0.63,0.617,0.635,0.615,312072,516820.SH
20220315,0.612,0.594,0.619,0.594,352706,516820.SH
20220316,0.599,0.606,0.609,0.578,378268,516820.SH
20220317,0.609,0.629,0.641,0.608,482733,516820.SH
20220318,0.628,0.634,0.638,0.622,191939,516820.SH
20220321,0.635,0.637,0.642,0.628,232629,516820.SH
20220322,0.635,0.622,0.635,0.619,199304,516820.SH
20220323,0.622,0.632,0.636,0.619,270717,516820.SH
20220324,0.627,0.647,0.653,0.624,497442,516820.SH
20220325,0.647,0.63,0.647,0.627,316160,516820.SH
20220328,0.626,0.62,0.63,0.617,219082,516820.SH
20220329,0.621,0.623,0.629,0.62,183762,516820.SH
20220330,0.628,0.638,0.639,0.617,249873,516820.SH
20220331,0.636,0.639,0.651,0.636,473823,516820.SH
20220401,0.635,0.636,0.639,0.626,226103,516820.SH
20220406,0.64,0.638,0.645,0.635,266494,516820.SH
20220407,0.635,0.63,0.644,0.629,210445,516820.SH
20220408,0.632,0.628,0.635,0.623,147044,516820.SH
20220411,0.628,0.619,0.63,0.617,144650,516820.SH
20220412,0.619,0.636,0.637,0.618,227779,516820.SH
20220413,0.635,0.621,0.635,0.621,230725,516820.SH
20220414,0.624,0.617,0.628,0.61,265346,516820.SH
20220415,0.616,0.623,0.629,0.61,393997,516820.SH
20220418,0.621,0.621,0.625,0.61,234686,516820.SH
20220419,0.62,0.605,0.625,0.604,441759,516820.SH
20220420,0.606,0.596,0.608,0.593,261735,516820.SH
20220421,0.596,0.58,0.598,0.579,292038,516820.SH
20220422,0.582,0.58,0.584,0.568,238193,516820.SH
20220425,0.577,0.554,0.578,0.549,292421,516820.SH
20220426,0.555,0.556,0.567,0.546,301967,516820.SH
20220427,0.548,0.563,0.577,0.54,419250,516820.SH
20220428,0.562,0.555,0.563,0.551,220713,516820.SH
20220429,0.559,0.566,0.568,0.551,327961,516820.SH
20220505,0.568,0.572,0.575,0.562,313390,516820.SH
20220506,0.565,0.561,0.567,0.558,240582,516820.SH
20220509,0.56,0.557,0.565,0.555,239548,516820.SH
20220510,0.553,0.559,0.561,0.547,260780,516820.SH
20220511,0.56,0.567,0.579,0.558,328166,516820.SH
20220512,0.564,0.576,0.582,0.563,301012,516820.SH
20220513,0.577,0.574,0.584,0.57,260428,516820.SH
20220516,0.577,0.562,0.577,0.56,292191,516820.SH
20220517,0.563,0.557,0.563,0.552,305726,516820.SH
20220518,0.56,0.553,0.56,0.552,281130,516820.SH
20220519,0.549,0.548,0.552,0.544,281045,516820.SH
20220520,0.552,0.563,0.566,0.552,353279,516820.SH
20220523,0.569,0.566,0.57,0.563,279992,516820.SH
20220524,0.566,0.545,0.569,0.545,470854,516820.SH
20220525,0.545,0.544,0.548,0.542,297416,516820.SH
20220526,0.546,0.539,0.546,0.534,284438,516820.SH
20220527,0.54,0.541,0.549,0.539,264692,516820.SH
20220530,0.543,0.543,0.547,0.536,231139,516820.SH
20220531,0.542,0.557,0.559,0.538,506054,516820.SH
20220601,0.556,0.559,0.563,0.553,393758,516820.SH
20220602,0.556,0.551,0.558,0.548,268584,516820.SH
20220606,0.55,0.56,0.562,0.547,471366,516820.SH
20220607,0.561,0.57,0.572,0.561,465741,516820.SH
20220608,0.574,0.58,0.587,0.57,574963,516820.SH
20220609,0.581,0.565,0.582,0.563,423411,516820.SH
20220610,0.569,0.571,0.572,0.563,375259,516820.SH
20220613,0.566,0.561,0.566,0.555,571155,516820.SH
20220614,0.556,0.561,0.563,0.55,337415,516820.SH
20220615,0.561,0.57,0.575,0.561,527505,516820.SH
20220616,0.568,0.576,0.582,0.567,476311,516820.SH
20220617,0.572,0.595,0.596,0.567,789279,516820.SH
20220620,0.595,0.603,0.612,0.595,518206,516820.SH
20220621,0.605,0.599,0.611,0.595,399283,516820.SH
20220622,0.599,0.592,0.604,0.59,370488,516820.SH
20220623,0.591,0.593,0.595,0.581,487226,516820.SH
20220624,0.595,0.61,0.611,0.591,598114,516820.SH
20220627,0.614,0.621,0.628,0.613,571191,516820.SH
20220628,0.621,0.622,0.623,0.61,375988,516820.SH
20220629,0.62,0.621,0.636,0.615,404328,516820.SH
20220630,0.621,0.636,0.644,0.621,516832,516820.SH
20220701,0.636,0.635,0.64,0.627,431391,516820.SH
20220704,0.635,0.659,0.662,0.632,813336,516820.SH
20220705,0.661,0.669,0.673,0.65,572794,516820.SH
20220706,0.668,0.652,0.674,0.647,546014,516820.SH
20220707,0.653,0.64,0.653,0.629,431198,516820.SH
20220708,0.641,0.639,0.649,0.637,429122,516820.SH
20220711,0.637,0.633,0.644,0.627,362022,516820.SH
20220712,0.635,0.614,0.638,0.613,589229,516820.SH
20220713,0.612,0.616,0.62,0.611,325713,516820.SH
20220714,0.615,0.629,0.637,0.615,370018,516820.SH
20220715,0.628,0.616,0.632,0.615,347951,516820.SH
20220718,0.616,0.614,0.622,0.596,469901,516820.SH
20220719,0.613,0.605,0.616,0.599,405807,516820.SH
20220720,0.607,0.61,0.618,0.606,320329,516820.SH
20220721,0.609,0.61,0.614,0.606,306039,516820.SH
20220722,0.61,0.602,0.615,0.598,311964,516820.SH
20220725,0.603,0.602,0.604,0.593,234840,516820.SH
20220726,0.6,0.601,0.605,0.596,391670,516820.SH
20220727,0.601,0.589,0.601,0.588,434211,516820.SH
20220728,0.591,0.583,0.593,0.582,412827,516820.SH
20220729,0.583,0.568,0.584,0.566,532470,516820.SH
20220801,0.57,0.569,0.572,0.56,296805,516820.SH
20220802,0.566,0.56,0.567,0.556,433426,516820.SH
20220803,0.561,0.561,0.569,0.558,349153,516820.SH
20220804,0.564,0.57,0.572,0.563,385994,516820.SH
20220805,0.571,0.584,0.584,0.571,478326,516820.SH
20220808,0.584,0.58,0.587,0.577,288887,516820.SH
20220809,0.578,0.573,0.578,0.571,292329,516820.SH
20220810,0.574,0.562,0.574,0.559,399576,516820.SH
20220811,0.565,0.58,0.582,0.565,483482,516820.SH
20220812,0.581,0.583,0.586,0.575,393711,516820.SH
20220815,0.583,0.574,0.583,0.572,346923,516820.SH
20220816,0.572,0.565,0.574,0.564,434912,516820.SH
20220817,0.566,0.572,0.575,0.563,331821,516820.SH
20220818,0.569,0.56,0.569,0.557,658673,516820.SH
20220819,0.558,0.554,0.559,0.551,485954,516820.SH
20220822,0.553,0.555,0.557,0.545,452952,516820.SH
20220823,0.554,0.548,0.554,0.545,428875,516820.SH
20220824,0.547,0.543,0.55,0.541,411991,516820.SH
20220825,0.542,0.548,0.549,0.54,289984,516820.SH
20220826,0.549,0.55,0.559,0.547,373842,516820.SH
20220829,0.547,0.543,0.547,0.538,480600,516820.SH
20220830,0.543,0.539,0.543,0.535,554861,516820.SH
20220831,0.538,0.548,0.552,0.538,1041224,516820.SH
20220901,0.549,0.547,0.554,0.545,426366,516820.SH
20220902,0.547,0.542,0.552,0.538,527878,516820.SH
20220905,0.545,0.535,0.545,0.53,605910,516820.SH
20220906,0.535,0.533,0.535,0.529,467955,516820.SH
20220907,0.532,0.53,0.533,0.526,427184,516820.SH
20220908,0.53,0.526,0.533,0.525,489927,516820.SH
20220909,0.53,0.539,0.541,0.53,681004,516820.SH
20220913,0.539,0.527,0.539,0.526,723418,516820.SH
20220914,0.523,0.525,0.526,0.519,524327,516820.SH
20220915,0.525,0.523,0.535,0.519,531735,516820.SH
20220916,0.52,0.506,0.521,0.505,748855,516820.SH
20220919,0.505,0.496,0.508,0.49,593716,516820.SH
20220920,0.497,0.497,0.5,0.492,476879,516820.SH
20220921,0.495,0.484,0.495,0.482,652860,516820.SH
20220922,0.48,0.476,0.483,0.475,363380,516820.SH
20220923,0.474,0.475,0.479,0.469,422982,516820.SH
20220926,0.472,0.477,0.482,0.47,453088,516820.SH
20220927,0.474,0.5,0.501,0.473,920255,516820.SH
20220928,0.5,0.497,0.507,0.495,555163,516820.SH
20220929,0.498,0.506,0.516,0.498,745492,516820.SH
20220930,0.503,0.504,0.511,0.499,296448,516820.SH
20221010,0.505,0.487,0.506,0.485,413481,516820.SH
20221011,0.487,0.48,0.487,0.476,272829,516820.SH
20221012,0.482,0.485,0.485,0.465,541260,516820.SH
20221013,0.484,0.496,0.499,0.48,503668,516820.SH
20221014,0.5,0.539,0.546,0.499,1639859,516820.SH
20221017,0.538,0.54,0.554,0.536,571072,516820.SH
20221018,0.541,0.546,0.55,0.534,460070,516820.SH
20221019,0.542,0.536,0.544,0.531,404995,516820.SH
20221020,0.532,0.538,0.548,0.531,301241,516820.SH
20221021,0.539,0.531,0.54,0.526,273691,516820.SH
20221024,0.535,0.512,0.535,0.509,525061,516820.SH
20221025,0.51,0.5,0.512,0.495,405649,516820.SH
20221026,0.505,0.53,0.537,0.502,689260,516820.SH
20221027,0.529,0.516,0.536,0.509,571597,516820.SH
20221028,0.513,0.509,0.52,0.506,296820,516820.SH
20221031,0.507,0.499,0.507,0.492,634759,516820.SH
20221101,0.502,0.522,0.522,0.495,628583,516820.SH
20221102,0.518,0.533,0.54,0.514,751391,516820.SH
20221103,0.527,0.529,0.534,0.521,456587,516820.SH
20221104,0.528,0.542,0.547,0.527,518997,516820.SH
20221107,0.541,0.544,0.544,0.53,394825,516820.SH
20221108,0.544,0.535,0.544,0.531,279655,516820.SH
20221109,0.534,0.531,0.538,0.529,197195,516820.SH
20221110,0.525,0.528,0.535,0.525,349015,516820.SH
20221111,0.542,0.534,0.551,0.533,867873,516820.SH
20221114,0.533,0.542,0.547,0.528,484566,516820.SH
20221115,0.543,0.548,0.549,0.53,611762,516820.SH
20221116,0.548,0.55,0.562,0.545,610616,516820.SH
20221117,0.548,0.547,0.551,0.538,511788,516820.SH
20221118,0.547,0.553,0.557,0.547,746486,516820.SH
20221121,0.547,0.549,0.55,0.539,460007,516820.SH
20221122,0.546,0.537,0.554,0.533,425106,516820.SH
20221123,0.536,0.525,0.537,0.521,473290,516820.SH
20221124,0.525,0.526,0.53,0.523,329169,516820.SH
20221125,0.527,0.524,0.527,0.517,718660,516820.SH
20221128,0.513,0.514,0.519,0.508,507255,516820.SH
20221129,0.515,0.529,0.531,0.514,455701,516820.SH
20221130,0.53,0.525,0.53,0.522,479946,516820.SH
20221201,0.532,0.534,0.538,0.529,651154,516820.SH
20221202,0.534,0.53,0.536,0.528,342236,516820.SH
20221205,0.534,0.531,0.537,0.527,572563,516820.SH
20221206,0.53,0.529,0.537,0.526,329454,516820.SH
20221207,0.527,0.53,0.534,0.524,372102,516820.SH
20221208,0.531,0.529,0.531,0.525,485866,516820.SH
20221209,0.532,0.53,0.532,0.523,699524,516820.SH
20221212,0.533,0.528,0.536,0.527,722226,516820.SH
20221213,0.53,0.529,0.531,0.521,482523,516820.SH
20221214,0.528,0.525,0.529,0.521,889206,516820.SH
20221215,0.525,0.523,0.528,0.52,369465,516820.SH
20221216,0.523,0.521,0.525,0.519,268034,516820.SH
20221219,0.523,0.509,0.523,0.508,359058,516820.SH
20221220,0.509,0.503,0.51,0.502,348565,516820.SH
20221221,0.504,0.504,0.508,0.502,254234,516820.SH
20221222,0.503,0.511,0.521,0.503,460306,516820.SH
20221223,0.509,0.518,0.519,0.507,452726,516820.SH
20221226,0.52,0.514,0.521,0.513,184319,516820.SH
20221227,0.514,0.523,0.525,0.51,449054,516820.SH
20221228,0.522,0.524,0.527,0.519,564777,516820.SH
20221229,0.522,0.529,0.534,0.52,391886,516820.SH
20221230,0.53,0.529,0.534,0.528,194574,516820.SH
20230103,0.528,0.53,0.532,0.522,598825,516820.SH
20230104,0.527,0.534,0.537,0.527,437438,516820.SH
20230105,0.536,0.551,0.556,0.534,890199,516820.SH
20230106,0.551,0.549,0.551,0.544,441248,516820.SH
20230109,0.548,0.552,0.555,0.545,412499,516820.SH
20230110,0.55,0.561,0.564,0.548,678255,516820.SH
20230111,0.561,0.559,0.568,0.557,395894,516820.SH
20230112,0.559,0.558,0.563,0.555,355204,516820.SH
20230113,0.559,0.573,0.574,0.556,715872,516820.SH
20230116,0.573,0.594,0.604,0.573,1203326,516820.SH
20230117,0.594,0.591,0.597,0.589,1383634,516820.SH
20230118,0.592,0.586,0.592,0.583,631740,516820.SH
20230119,0.586,0.598,0.602,0.581,376579,516820.SH
20230120,0.605,0.593,0.605,0.593,506172,516820.SH
20230130,0.602,0.59,0.603,0.587,465402,516820.SH
20230131,0.589,0.571,0.589,0.571,626568,516820.SH
20230201,0.573,0.578,0.578,0.566,541623,516820.SH
20230202,0.578,0.58,0.589,0.575,477664,516820.SH
20230203,0.579,0.576,0.583,0.57,426771,516820.SH
20230206,0.57,0.564,0.571,0.561,357793,516820.SH
20230207,0.566,0.564,0.57,0.56,328671,516820.SH
20230208,0.565,0.561,0.571,0.561,522529,516820.SH
20230209,0.56,0.568,0.568,0.559,694598,516820.SH
20230210,0.569,0.568,0.569,0.56,605929,516820.SH
20230213,0.566,0.57,0.577,0.565,558586,516820.SH
20230214,0.571,0.568,0.572,0.564,442889,516820.SH
20230215,0.569,0.558,0.569,0.557,526501,516820.SH
20230216,0.561,0.553,0.564,0.549,562788,516820.SH
20230217,0.551,0.55,0.557,0.548,515324,516820.SH
20230220,0.551,0.557,0.558,0.542,943485,516820.SH
20230221,0.557,0.553,0.558,0.549,448830,516820.SH
20230222,0.55,0.549,0.555,0.547,403397,516820.SH
20230223,0.548,0.547,0.555,0.545,644010,516820.SH
20230224,0.547,0.541,0.547,0.54,485382,516820.SH
20230227,0.541,0.536,0.544,0.534,742462,516820.SH
20230228,0.536,0.54,0.541,0.535,606426,516820.SH
20230301,0.542,0.538,0.542,0.532,459402,516820.SH
20230302,0.538,0.533,0.538,0.531,358859,516820.SH
20230303,0.533,0.536,0.54,0.532,492303,516820.SH
20230306,0.537,0.533,0.538,0.529,527449,516820.SH
20230307,0.533,0.525,0.536,0.523,1710145,516820.SH
20230308,0.525,0.522,0.525,0.52,601970,516820.SH
20230309,0.522,0.521,0.527,0.519,807611,516820.SH
20230310,0.521,0.524,0.529,0.517,648299,516820.SH
20230313,0.521,0.52,0.523,0.517,670677,516820.SH
20230314,0.52,0.52,0.524,0.516,497862,516820.SH
20230315,0.521,0.515,0.525,0.514,915344,516820.SH
20230316,0.514,0.51,0.518,0.509,711512,516820.SH
20230317,0.513,0.5,0.514,0.497,3159839,516820.SH
20230320,0.497,0.495,0.5,0.49,1126656,516820.SH
20230321,0.496,0.512,0.513,0.496,961391,516820.SH
20230322,0.514,0.512,0.516,0.508,548107,516820.SH
20230323,0.509,0.509,0.514,0.507,682943,516820.SH
20230324,0.51,0.509,0.515,0.507,527905,516820.SH
20230327,0.509,0.513,0.519,0.502,751180,516820.SH
20230328,0.513,0.511,0.515,0.509,353683,516820.SH
20230329,0.509,0.504,0.512,0.502,607576,516820.SH
20230330,0.503,0.507,0.508,0.501,427090,516820.SH
20230331,0.506,0.5,0.506,0.497,892926,516820.SH
20230403,0.499,0.494,0.499,0.49,1141035,516820.SH
20230404,0.494,0.494,0.495,0.487,1050499,516820.SH
20230406,0.492,0.497,0.497,0.491,792675,516820.SH
20230407,0.497,0.509,0.511,0.495,1341615,516820.SH
20230410,0.511,0.512,0.518,0.51,963297,516820.SH
20230411,0.515,0.511,0.519,0.507,731663,516820.SH
20230412,0.51,0.505,0.514,0.504,727000,516820.SH
20230413,0.504,0.514,0.516,0.5,960715,516820.SH
20230414,0.515,0.514,0.524,0.513,925824,516820.SH
20230417,0.513,0.516,0.517,0.509,585522,516820.SH
20230418,0.512,0.51,0.513,0.507,755045,516820.SH
20230419,0.51,0.503,0.51,0.502,705155,516820.SH
20230420,0.503,0.492,0.505,0.49,1147324,516820.SH
20230421,0.491,0.488,0.496,0.486,1061094,516820.SH
20230424,0.489,0.482,0.492,0.478,976329,516820.SH
20230425,0.482,0.468,0.482,0.465,1190193,516820.SH
20230426,0.466,0.471,0.474,0.465,818182,516820.SH
20230427,0.471,0.475,0.476,0.466,872804,516820.SH
20230428,0.475,0.475,0.479,0.47,775436,516820.SH
20230504,0.474,0.47,0.475,0.469,691648,516820.SH
20230505,0.47,0.463,0.471,0.461,1128071,516820.SH
20230508,0.462,0.462,0.463,0.455,1178016,516820.SH
20230509,0.46,0.453,0.462,0.453,833359,516820.SH
20230510,0.453,0.457,0.459,0.45,745570,516820.SH
20230511,0.457,0.459,0.464,0.456,977660,516820.SH
20230512,0.458,0.455,0.462,0.455,539475,516820.SH
20230515,0.455,0.464,0.466,0.453,958532,516820.SH
20230516,0.465,0.467,0.469,0.463,804590,516820.SH
20230517,0.466,0.463,0.467,0.46,602199,516820.SH
20230518,0.462,0.456,0.464,0.455,773049,516820.SH
20230519,0.455,0.46,0.463,0.454,587170,516820.SH
20230522,0.46,0.465,0.468,0.458,769516,516820.SH
20230523,0.465,0.462,0.47,0.462,787671,516820.SH
20230524,0.462,0.457,0.462,0.456,641289,516820.SH
20230525,0.457,0.454,0.457,0.451,655167,516820.SH
20230526,0.453,0.45,0.455,0.45,730743,516820.SH
20230529,0.451,0.447,0.455,0.443,844680,516820.SH
20230530,0.445,0.444,0.449,0.435,1066610,516820.SH
20230531,0.441,0.437,0.446,0.436,858808,516820.SH
20230601,0.437,0.443,0.447,0.435,936899,516820.SH
20230602,0.444,0.447,0.448,0.442,835240,516820.SH
20230605,0.447,0.44,0.448,0.438,946266,516820.SH
20230606,0.439,0.43,0.439,0.429,1194781,516820.SH
20230607,0.43,0.421,0.433,0.419,1219758,516820.SH
20230608,0.421,0.418,0.422,0.416,957649,516820.SH
20230609,0.418,0.422,0.424,0.417,743915,516820.SH
20230612,0.421,0.424,0.426,0.419,703200,516820.SH
20230613,0.424,0.423,0.427,0.421,860765,516820.SH
20230614,0.423,0.423,0.428,0.422,706229,516820.SH
20230615,0.422,0.434,0.435,0.422,1291204,516820.SH
20230616,0.435,0.435,0.437,0.432,831456,516820.SH
20230619,0.435,0.43,0.435,0.428,746040,516820.SH
20230620,0.429,0.427,0.432,0.426,575379,516820.SH
20230621,0.426,0.415,0.426,0.414,1379582,516820.SH
20230626,0.411,0.413,0.416,0.41,659841,516820.SH
20230627,0.413,0.415,0.419,0.412,718242,516820.SH
20230628,0.414,0.411,0.415,0.41,737805,516820.SH
20230629,0.411,0.407,0.412,0.406,718917,516820.SH
20230630,0.407,0.413,0.414,0.406,890676,516820.SH
20230703,0.413,0.417,0.417,0.412,660517,516820.SH
20230704,0.416,0.42,0.42,0.412,1020576,516820.SH
20230705,0.419,0.415,0.42,0.415,611286,516820.SH
20230706,0.414,0.409,0.416,0.409,652076,516820.SH
20230707,0.408,0.408,0.41,0.406,615252,516820.SH
20230710,0.408,0.412,0.417,0.408,944196,516820.SH
20230711,0.412,0.413,0.414,0.41,557705,516820.SH
20230712,0.414,0.412,0.415,0.41,711453,516820.SH
20230713,0.413,0.422,0.423,0.412,1533663,516820.SH
20230714,0.422,0.42,0.422,0.419,672943,516820.SH
20230717,0.418,0.412,0.418,0.411,1189779,516820.SH
20230718,0.412,0.413,0.413,0.41,718886,516820.SH
20230719,0.412,0.411,0.414,0.41,498203,516820.SH
20230720,0.412,0.411,0.416,0.41,784364,516820.SH
20230721,0.41,0.416,0.42,0.41,1200351,516820.SH
20230724,0.416,0.416,0.42,0.414,634670,516820.SH
20230725,0.418,0.421,0.422,0.417,1102705,516820.SH
20230726,0.42,0.427,0.428,0.419,1283296,516820.SH
20230727,0.426,0.427,0.429,0.425,925658,516820.SH
20230728,0.425,0.433,0.433,0.423,1047642,516820.SH
20230731,0.433,0.425,0.435,0.423,3651630,516820.SH
20230801,0.424,0.423,0.43,0.421,1256963,516820.SH
20230802,0.423,0.417,0.423,0.415,1519614,516820.SH
20230803,0.416,0.423,0.423,0.415,1279409,516820.SH
20230804,0.424,0.421,0.426,0.42,1034063,516820.SH
20230807,0.42,0.409,0.421,0.407,2529904,516820.SH
20230808,0.407,0.407,0.41,0.404,1402523,516820.SH
20230809,0.406,0.413,0.417,0.406,1822526,516820.SH
20230810,0.412,0.413,0.415,0.409,787102,516820.SH
20230811,0.413,0.409,0.415,0.408,924952,516820.SH
20230814,0.408,0.408,0.408,0.402,1321220,516820.SH
20230815,0.407,0.404,0.408,0.4,1298533,516820.SH
20230816,0.402,0.405,0.41,0.401,1342375,516820.SH
20230817,0.403,0.407,0.408,0.401,1054450,516820.SH
20230818,0.408,0.4,0.408,0.4,1071671,516820.SH
20230821,0.4,0.399,0.405,0.397,1091959,516820.SH
20230822,0.4,0.394,0.401,0.388,1928440,516820.SH
20230823,0.392,0.386,0.393,0.386,1096626,516820.SH
20230824,0.387,0.396,0.399,0.387,1443085,516820.SH
20230825,0.394,0.392,0.395,0.39,844318,516820.SH
20230828,0.411,0.396,0.414,0.395,1693966,516820.SH
20230829,0.395,0.404,0.405,0.394,1537206,516820.SH
20230830,0.404,0.405,0.407,0.402,1069079,516820.SH
20230831,0.403,0.403,0.404,0.4,770413,516820.SH
20230901,0.403,0.4,0.405,0.4,635751,516820.SH
20230904,0.402,0.404,0.407,0.4,937196,516820.SH
20230905,0.403,0.403,0.405,0.402,611778,516820.SH
20230906,0.402,0.398,0.403,0.396,1261963,516820.SH
20230907,0.397,0.391,0.397,0.391,714548,516820.SH
20230908,0.391,0.392,0.394,0.39,566245,516820.SH
20230911,0.393,0.399,0.4,0.392,1260098,516820.SH
20230912,0.399,0.398,0.401,0.396,714857,516820.SH
20230913,0.397,0.396,0.399,0.393,749043,516820.SH
20230914,0.395,0.395,0.397,0.391,611106,516820.SH
20230915,0.395,0.402,0.406,0.394,1818111,516820.SH
20230918,0.402,0.407,0.409,0.401,1171279,516820.SH
20230919,0.408,0.404,0.408,0.402,600189,516820.SH
20230920,0.403,0.403,0.405,0.402,443029,516820.SH
20230921,0.402,0.397,0.402,0.396,711355,516820.SH
20230922,0.396,0.403,0.403,0.394,805602,516820.SH
20230925,0.403,0.408,0.41,0.401,1624952,516820.SH
20230926,0.407,0.406,0.409,0.404,626765,516820.SH
20230927,0.405,0.416,0.417,0.405,1619530,516820.SH
20230928,0.415,0.411,0.417,0.411,926462,516820.SH
20231009,0.412,0.419,0.42,0.409,1320853,516820.SH
20231010,0.418,0.412,0.419,0.411,778307,516820.SH
20231011,0.412,0.424,0.43,0.412,1835924,516820.SH
20231012,0.426,0.426,0.429,0.421,786685,516820.SH
20231013,0.424,0.423,0.427,0.422,666809,516820.SH
20231016,0.423,0.418,0.426,0.416,805775,516820.SH
20231017,0.418,0.416,0.42,0.412,562484,516820.SH
20231018,0.416,0.409,0.416,0.409,644508,516820.SH
20231019,0.408,0.404,0.409,0.403,687463,516820.SH
20231020,0.401,0.399,0.403,0.397,840316,516820.SH
20231023,0.398,0.398,0.401,0.393,827663,516820.SH
20231024,0.398,0.401,0.402,0.395,686625,516820.SH
20231025,0.403,0.395,0.404,0.393,1437847,516820.SH
20231026,0.393,0.398,0.398,0.392,734934,516820.SH
20231027,0.396,0.415,0.419,0.395,2151696,516820.SH
20231030,0.415,0.428,0.429,0.414,1902769,516820.SH
20231031,0.425,0.423,0.427,0.418,931196,516820.SH
20231101,0.423,0.421,0.425,0.417,606710,516820.SH
20231102,0.421,0.42,0.427,0.419,483930,516820.SH
20231103,0.42,0.423,0.426,0.42,773229,516820.SH
20231106,0.425,0.433,0.434,0.425,1244855,516820.SH
20231107,0.431,0.429,0.434,0.429,699549,516820.SH
20231108,0.428,0.435,0.439,0.428,1375266,516820.SH
20231109,0.436,0.432,0.439,0.429,842554,516820.SH
20231110,0.43,0.429,0.433,0.426,698193,516820.SH
20231113,0.43,0.427,0.432,0.424,784900,516820.SH
20231114,0.427,0.427,0.43,0.425,596118,516820.SH
20231115,0.431,0.43,0.434,0.428,590474,516820.SH
20231116,0.429,0.424,0.431,0.423,667543,516820.SH
20231117,0.422,0.426,0.427,0.421,484653,516820.SH
20231120,0.427,0.431,0.432,0.425,659358,516820.SH
20231121,0.431,0.431,0.435,0.43,645325,516820.SH
20231122,0.431,0.425,0.431,0.425,837739,516820.SH
20231123,0.425,0.428,0.428,0.423,605544,516820.SH
20231124,0.428,0.428,0.432,0.426,709893,516820.SH
20231127,0.428,0.425,0.428,0.421,564408,516820.SH
20231128,0.424,0.431,0.433,0.423,918031,516820.SH
20231129,0.433,0.427,0.434,0.427,484356,516820.SH
20231130,0.426,0.429,0.432,0.426,500690,516820.SH
20231201,0.429,0.429,0.43,0.423,419489,516820.SH
20231204,0.427,0.417,0.428,0.416,873078,516820.SH
20231205,0.415,0.41,0.417,0.41,636372,516820.SH
20231206,0.41,0.413,0.417,0.408,547509,516820.SH
20231207,0.412,0.409,0.412,0.406,611988,516820.SH
20231208,0.408,0.414,0.415,0.405,1048695,516820.SH
20231211,0.412,0.416,0.417,0.407,781098,516820.SH
20231212,0.415,0.412,0.415,0.41,1014257,516820.SH
20231213,0.412,0.407,0.412,0.407,485529,516820.SH
20231214,0.408,0.407,0.412,0.405,453999,516820.SH
20231215,0.408,0.402,0.41,0.4,910731,516820.SH
20231218,0.402,0.403,0.407,0.399,475763,516820.SH
20231219,0.403,0.4,0.403,0.397,517470,516820.SH
20231220,0.4,0.398,0.405,0.398,366469,516820.SH
20231221,0.396,0.401,0.403,0.395,478505,516820.SH
20231222,0.4,0.398,0.402,0.397,559572,516820.SH
20231225,0.399,0.4,0.402,0.396,368185,516820.SH
20231226,0.4,0.396,0.401,0.395,466441,516820.SH
20231227,0.397,0.399,0.4,0.394,504633,516820.SH
20231228,0.4,0.408,0.409,0.398,794485,516820.SH
20231229,0.407,0.409,0.413,0.407,668055,516820.SH
20240102,0.409,0.406,0.409,0.403,475816,516820.SH
20240103,0.403,0.404,0.407,0.402,415790,516820.SH
20240104,0.404,0.4,0.404,0.396,774597,516820.SH
20240105,0.399,0.392,0.399,0.39,1065221,516820.SH
20240108,0.392,0.389,0.394,0.389,683400,516820.SH
20240109,0.389,0.39,0.393,0.387,559576,516820.SH
20240110,0.389,0.386,0.392,0.385,659067,516820.SH
20240111,0.387,0.391,0.392,0.385,615809,516820.SH
20240112,0.388,0.385,0.39,0.384,863451,516820.SH
20240115,0.383,0.383,0.387,0.381,630168,516820.SH
20240116,0.382,0.383,0.383,0.377,692896,516820.SH
20240117,0.381,0.374,0.382,0.374,543628,516820.SH
20240118,0.373,0.379,0.381,0.368,888809,516820.SH
20240119,0.377,0.38,0.382,0.376,770480,516820.SH
20240122,0.379,0.37,0.38,0.367,664987,516820.SH
20240123,0.368,0.374,0.376,0.367,650169,516820.SH
20240124,0.375,0.376,0.377,0.366,888264,516820.SH
20240125,0.375,0.38,0.38,0.372,1343638,516820.SH
20240126,0.378,0.367,0.381,0.364,1681895,516820.SH
20240129,0.367,0.356,0.369,0.356,1029902,516820.SH
20240130,0.354,0.35,0.356,0.35,600949,516820.SH
20240131,0.348,0.337,0.349,0.337,1247760,516820.SH
20240201,0.335,0.342,0.347,0.335,994851,516820.SH
20240202,0.343,0.332,0.344,0.324,859239,516820.SH
20240205,0.327,0.34,0.346,0.323,1507468,516820.SH
20240206,0.336,0.36,0.361,0.335,1606982,516820.SH
20240207,0.362,0.37,0.371,0.36,1276514,516820.SH
20240208,0.372,0.367,0.376,0.365,847608,516820.SH
20240219,0.367,0.367,0.37,0.363,632860,516820.SH
20240220,0.366,0.369,0.371,0.364,717374,516820.SH
20240221,0.367,0.371,0.377,0.365,804491,516820.SH
20240222,0.371,0.372,0.373,0.368,666560,516820.SH
20240223,0.371,0.373,0.374,0.368,509201,516820.SH
20240226,0.372,0.372,0.377,0.369,638869,516820.SH
20240227,0.369,0.377,0.378,0.369,520916,516820.SH
20240228,0.378,0.372,0.385,0.371,938004,516820.SH
20240229,0.368,0.379,0.38,0.367,807730,516820.SH
20240301,0.379,0.379,0.38,0.374,755235,516820.SH
20240304,0.378,0.384,0.389,0.377,762298,516820.SH
20240305,0.382,0.383,0.385,0.38,763975,516820.SH
20240306,0.383,0.382,0.385,0.378,383441,516820.SH
20240307,0.377,0.367,0.379,0.366,2846080,516820.SH
20240308,0.367,0.368,0.371,0.365,626136,516820.SH
20240311,0.369,0.378,0.378,0.366,938973,516820.SH
20240312,0.378,0.385,0.387,0.378,891283,516820.SH
20240313,0.384,0.382,0.386,0.379,606023,516820.SH
20240314,0.389,0.382,0.393,0.379,789967,516820.SH
20240315,0.38,0.379,0.385,0.375,652495,516820.SH
20240318,0.379,0.382,0.382,0.373,772320,516820.SH
20240319,0.38,0.378,0.381,0.377,452937,516820.SH
20240320,0.377,0.376,0.378,0.374,483644,516820.SH
20240321,0.376,0.372,0.377,0.371,704103,516820.SH
20240322,0.372,0.365,0.372,0.363,820465,516820.SH
20240325,0.363,0.362,0.369,0.361,470655,516820.SH
20240326,0.361,0.361,0.362,0.358,515476,516820.SH
20240327,0.361,0.357,0.362,0.356,535613,516820.SH
20240328,0.356,0.355,0.36,0.353,629673,516820.SH
20240329,0.354,0.353,0.355,0.35,608905,516820.SH
20240401,0.354,0.36,0.36,0.353,732777,516820.SH
20240402,0.36,0.355,0.361,0.354,545006,516820.SH
20240403,0.356,0.353,0.356,0.352,556854,516820.SH
20240408,0.351,0.345,0.351,0.344,734692,516820.SH
20240409,0.344,0.352,0.352,0.343,853006,516820.SH
20240410,0.352,0.347,0.352,0.345,428824,516820.SH
20240411,0.346,0.344,0.348,0.342,552641,516820.SH
20240412,0.344,0.341,0.347,0.34,399447,516820.SH
20240415,0.341,0.345,0.348,0.34,537832,516820.SH
20240416,0.343,0.338,0.344,0.338,530212,516820.SH
20240417,0.34,0.343,0.344,0.338,577435,516820.SH
20240418,0.343,0.343,0.347,0.339,508329,516820.SH
20240419,0.341,0.337,0.341,0.334,773808,516820.SH
20240422,0.336,0.338,0.342,0.336,547051,516820.SH
20240423,0.339,0.339,0.341,0.333,864981,516820.SH
20240424,0.339,0.337,0.34,0.336,761060,516820.SH
20240425,0.336,0.339,0.341,0.336,575139,516820.SH
20240426,0.337,0.346,0.347,0.337,1098889,516820.SH
20240429,0.347,0.356,0.359,0.345,991550,516820.SH
20240430,0.357,0.354,0.357,0.353,624768,516820.SH
20240506,0.358,0.365,0.366,0.358,924191,516820.SH
20240507,0.365,0.364,0.366,0.363,444409,516820.SH
20240508,0.364,0.359,0.366,0.359,609704,516820.SH
20240509,0.36,0.363,0.365,0.359,615836,516820.SH
20240510,0.363,0.359,0.364,0.358,393687,516820.SH
20240513,0.363,0.36,0.364,0.358,536730,516820.SH
20240514,0.361,0.364,0.366,0.36,771533,516820.SH
20240515,0.363,0.358,0.363,0.357,563234,516820.SH
20240516,0.357,0.358,0.36,0.355,446072,516820.SH
20240517,0.357,0.357,0.359,0.353,635220,516820.SH
20240520,0.356,0.358,0.359,0.356,406466,516820.SH
20240521,0.358,0.353,0.358,0.353,510843,516820.SH
20240522,0.353,0.354,0.356,0.351,527856,516820.SH
20240523,0.352,0.349,0.353,0.348,628324,516820.SH
20240524,0.348,0.345,0.35,0.344,526255,516820.SH
20240527,0.343,0.346,0.346,0.34,564681,516820.SH
20240528,0.345,0.343,0.345,0.341,399023,516820.SH
20240529,0.342,0.341,0.344,0.34,442143,516820.SH
20240530,0.341,0.34,0.343,0.338,521819,516820.SH
20240531,0.341,0.341,0.343,0.339,615160,516820.SH
20240603,0.34,0.337,0.34,0.335,709037,516820.SH
20240604,0.337,0.342,0.342,0.336,658937,516820.SH
20240605,0.342,0.342,0.345,0.34,551766,516820.SH
20240606,0.342,0.338,0.343,0.337,622527,516820.SH
20240607,0.338,0.338,0.341,0.335,532009,516820.SH
20240611,0.337,0.34,0.34,0.333,528185,516820.SH
20240612,0.339,0.34,0.344,0.337,635689,516820.SH
20240613,0.34,0.337,0.341,0.335,710292,516820.SH
20240614,0.337,0.332,0.337,0.329,1193463,516820.SH
20240617,0.331,0.332,0.332,0.33,607391,516820.SH
20240618,0.332,0.328,0.332,0.327,1022166,516820.SH
20240619,0.329,0.324,0.329,0.324,833901,516820.SH
20240620,0.324,0.319,0.327,0.318,1337050,516820.SH
20240621,0.319,0.32,0.321,0.317,639770,516820.SH
20240624,0.318,0.316,0.319,0.315,984666,516820.SH
20240625,0.316,0.313,0.317,0.311,785096,516820.SH
20240626,0.314,0.319,0.32,0.312,949326,516820.SH
20240627,0.318,0.313,0.318,0.312,886110,516820.SH
20240628,0.312,0.31,0.315,0.309,851141,516820.SH
20240701,0.31,0.31,0.312,0.305,872163,516820.SH
20240702,0.309,0.307,0.31,0.305,784901,516820.SH
20240703,0.306,0.304,0.306,0.301,915784,516820.SH
20240704,0.304,0.298,0.304,0.297,1092314,516820.SH
20240705,0.297,0.306,0.307,0.296,1208700,516820.SH
20240708,0.306,0.297,0.306,0.295,1304318,516820.SH
20240709,0.295,0.299,0.3,0.293,936949,516820.SH
20240710,0.298,0.298,0.302,0.296,619226,516820.SH
20240711,0.303,0.307,0.309,0.3,1632550,516820.SH
20240712,0.307,0.308,0.31,0.306,726813,516820.SH
20240715,0.307,0.304,0.308,0.301,886936,516820.SH
20240716,0.302,0.303,0.304,0.302,578171,516820.SH
20240717,0.303,0.309,0.311,0.302,1555304,516820.SH
20240718,0.307,0.313,0.314,0.307,1219814,516820.SH
20240719,0.312,0.314,0.316,0.311,855257,516820.SH
20240722,0.314,0.316,0.319,0.313,743710,516820.SH
20240723,0.316,0.306,0.317,0.305,1330578,516820.SH
20240724,0.304,0.302,0.307,0.3,716210,516820.SH
20240725,0.301,0.303,0.305,0.299,484059,516820.SH
20240726,0.302,0.304,0.306,0.301,597959,516820.SH
20240729,0.304,0.299,0.304,0.298,1006904,516820.SH
20240730,0.299,0.297,0.302,0.296,750237,516820.SH
20240731,0.298,0.313,0.313,0.297,2105793,516820.SH
20240801,0.311,0.308,0.314,0.306,1015473,516820.SH
20240802,0.307,0.311,0.318,0.306,1309858,516820.SH
20240805,0.31,0.312,0.319,0.309,1214063,516820.SH
20240806,0.313,0.315,0.318,0.312,1003191,516820.SH
20240807,0.315,0.312,0.315,0.311,525396,516820.SH
20240808,0.313,0.313,0.316,0.311,619667,516820.SH
20240809,0.313,0.308,0.315,0.307,938791,516820.SH
20240812,0.308,0.311,0.313,0.307,727630,516820.SH
20240813,0.31,0.309,0.311,0.305,712042,516820.SH
20240814,0.308,0.303,0.308,0.302,641096,516820.SH
20240815,0.303,0.303,0.308,0.302,907195,516820.SH
20240816,0.304,0.303,0.304,0.3,610616,516820.SH
20240819,0.303,0.301,0.306,0.3,840552,516820.SH
20240820,0.301,0.296,0.301,0.295,1322554,516820.SH
20240821,0.296,0.293,0.296,0.292,992613,516820.SH
20240822,0.294,0.289,0.294,0.288,797552,516820.SH
20240823,0.288,0.288,0.29,0.286,541357,516820.SH
20240826,0.289,0.286,0.289,0.284,982808,516820.SH
20240827,0.285,0.284,0.286,0.282,641620,516820.SH
20240828,0.284,0.284,0.285,0.282,745191,516820.SH
20240829,0.284,0.287,0.288,0.281,1089312,516820.SH
20240830,0.287,0.292,0.296,0.286,1312520,516820.SH
20240902,0.291,0.284,0.291,0.284,889072,516820.SH
20240903,0.284,0.287,0.29,0.283,745302,516820.SH
20240904,0.286,0.289,0.292,0.285,730660,516820.SH
20240905,0.289,0.291,0.293,0.288,551651,516820.SH
20240906,0.291,0.286,0.292,0.285,702085,516820.SH
20240909,0.286,0.286,0.289,0.284,774048,516820.SH
20240910,0.284,0.282,0.285,0.279,1300117,516820.SH
20240911,0.281,0.284,0.285,0.279,668489,516820.SH
20240912,0.284,0.282,0.287,0.282,658243,516820.SH
20240913,0.282,0.279,0.283,0.279,610239,516820.SH
20240918,0.28,0.278,0.28,0.276,618946,516820.SH
20240919,0.28,0.281,0.285,0.276,851117,516820.SH
20240920,0.282,0.279,0.282,0.276,910411,516820.SH
20240923,0.281,0.277,0.283,0.276,1354395,516820.SH
20240924,0.278,0.286,0.286,0.275,2469491,516820.SH
20240925,0.288,0.289,0.295,0.287,2651700,516820.SH
20240926,0.288,0.301,0.303,0.284,3700610,516820.SH
20240927,0.306,0.325,0.325,0.306,3044376,516820.SH
20240930,0.347,0.358,0.358,0.34,4649474,516820.SH
20241008,0.394,0.394,0.394,0.38,3263260,516820.SH
20241009,0.399,0.378,0.407,0.374,5553208,516820.SH
20241010,0.379,0.372,0.388,0.366,2337087,516820.SH
20241011,0.367,0.35,0.368,0.346,2456354,516820.SH
20241014,0.35,0.354,0.355,0.341,1713514,516820.SH
20241015,0.352,0.342,0.354,0.341,1648478,516820.SH
20241016,0.336,0.336,0.341,0.334,1243275,516820.SH
20241017,0.338,0.334,0.342,0.333,1052748,516820.SH
20241018,0.334,0.352,0.362,0.33,3314676,516820.SH
20241021,0.351,0.351,0.356,0.342,2373954,516820.SH
20241022,0.35,0.353,0.355,0.346,1572020,516820.SH
20241023,0.354,0.354,0.357,0.349,2102464,516820.SH
20241024,0.352,0.35,0.354,0.349,1167322,516820.SH
20241025,0.349,0.359,0.361,0.346,2716643,516820.SH
20241028,0.359,0.363,0.363,0.354,1639384,516820.SH
20241029,0.365,0.355,0.367,0.353,2233346,516820.SH
20241030,0.352,0.35,0.356,0.346,1319608,516820.SH
20241031,0.349,0.348,0.352,0.345,1347904,516820.SH
20241101,0.347,0.347,0.352,0.344,1572901,516820.SH
20241104,0.346,0.35,0.351,0.346,1436804,516820.SH
20241105,0.35,0.359,0.359,0.346,2077920,516820.SH
20241106,0.359,0.357,0.364,0.354,2258443,516820.SH
20241107,0.354,0.372,0.372,0.352,3280317,516820.SH
20241108,0.377,0.37,0.379,0.367,2366587,516820.SH
20241111,0.367,0.374,0.374,0.363,2104525,516820.SH
20241112,0.374,0.382,0.39,0.372,4475047,516820.SH
20241113,0.379,0.376,0.381,0.37,2632834,516820.SH
20241114,0.374,0.363,0.375,0.361,2466781,516820.SH
20241115,0.362,0.355,0.364,0.354,4550123,516820.SH
20241118,0.355,0.349,0.357,0.346,1740068,516820.SH
20241119,0.349,0.354,0.354,0.345,1327616,516820.SH
20241120,0.352,0.361,0.362,0.351,4425820,516820.SH
20241121,0.36,0.357,0.36,0.354,1632893,516820.SH
20241122,0.356,0.342,0.357,0.341,2462655,516820.SH
20241125,0.342,0.341,0.345,0.337,1211961,516820.SH
20241126,0.341,0.343,0.347,0.34,1108088,516820.SH
20241127,0.341,0.349,0.349,0.339,1854896,516820.SH
20241128,0.349,0.344,0.349,0.343,2904924,516820.SH
20241129,0.343,0.349,0.353,0.343,2653510,516820.SH
20241202,0.351,0.355,0.356,0.349,1639701,516820.SH
20241203,0.355,0.354,0.356,0.351,1660538,516820.SH
20241204,0.353,0.349,0.353,0.348,1670671,516820.SH
20241205,0.349,0.349,0.35,0.347,956350,516820.SH
20241206,0.349,0.358,0.361,0.348,2242371,516820.SH
20241209,0.362,0.359,0.364,0.358,1815833,516820.SH
20241210,0.369,0.359,0.373,0.359,1876185,516820.SH
20241211,0.359,0.361,0.362,0.358,810246,516820.SH
20241212,0.361,0.362,0.363,0.357,1065995,516820.SH
20241213,0.36,0.354,0.36,0.352,1724330,516820.SH
20241216,0.353,0.349,0.353,0.347,1367645,516820.SH
20241217,0.348,0.347,0.35,0.345,859118,516820.SH
